536
50
20.63562
0.8855201
2.383849
6.805518
2.394722
11.64357
6.676639
1.294223
6.422912
5.702093
5.153264
3.363075
4.244938
3.414297
2.570839
18.70726
4.291941
18.67416
33.89304
1.578566
1.306816
6.58147
0.8830253
25.78669
1.288285
4.952994
3.897815
37.17255
13.70285
1.336628
0.3414519
8.204361
4.483957
6.087738
13.3633
3.716149
12.56844
29.71059
14.04384
47.70561
0.6070552
4.235396
8.187547
17.36925
21.32746
24.58098
0.8298241
3.916798
1.356021
1.722261
1.190006
1.04216
1.074184
4.248113
5.909636
4.522748
10.42956
0.2014079
4.01584
4.313942
5.246452
2.031886
6.341632
1.272749
3.409446
8.849668
8.344094
0.2889472
4.744142
3.042182
0.2681732
10.71151
23.02106
0.8150095
13.39619
3.16382
0.9747359
5.223709
18.02123
9.82452
44.28706
12.21467
1.557045
46.5874
8.507773
0.3152101
11.54915
0.8420421
4.236681
3.242772
36.04292
4.680235
2.192752
14.16731
6.852216
10.99105
22.0736
6.315746
10.90674
2.678882
25.18382
1.790551
0.3614126
4.365181
33.92128
10.75135
7.231812
7.147949
3.604336
2.57449
12.30284
21.66328
9.213727
3.90471
0.1601488
2.454957
0.09939928
6.767925
0.2415762
8.940627
5.790885
1.04816
18.4629
2.984674
17.36928
12.55321
35.65472
9.025144
15.4785
2.216256
0.7042616
7.091389
9.449439
23.36928
2.872015
16.56321
2.632678
9.975762
0.07423615
1.182025
28.74492
18.64246
7.044344
19.9409
8.848434
17.31794
3.897769
1.489268
1.991714
4.016181
11.61971
5.587287
0.3974171
0.3231698
12.29533
0.7016938
7.718943
4.202592
8.515409
5.284125
3.372512
27.56302
6.724141
4.194109
1.948175
8.070169
5.3957
10.93329
43.247
11.70251
32.45634
21.39583
5.039329
23.19207
2.383482
0.02396457
17.48863
11.41469
18.22755
3.543572
19.49917
13.27975
8.174483
14.53913
13.97161
4.736684
0.4559293
1.490417
6.3912
29.5597
5.469198
6.785308
13.33463
13.80194
1.490669
11.64558
10.82832
2.502244
0.236629
4.896777
4.9498
18.33225
1.121419
17.19939
4.87617
15.37397
4.640364
5.658126
15.61022
1.596311
2.59947
2.685992
6.511736
0.9802114
5.009127
2.195606
0.4072467
9.251917
12.76513
1.493657
3.040958
3.527932
0.5190654
5.525967
12.03009
1.237905
5.056284
6.69445
6.033602
3.433162
10.91279
0.3252126
6.860044
3.202966
1.750836
3.292329
6.70123
21.38458
5.653785
2.035857
7.593904
3.699675
22.048
14.58212
5.800758
7.427809
14.80938
4.386616
5.509318
7.114779
5.370322
1.976381
9.9598
2.570191
46.28127
2.127744
9.739737
5.375926
0.6851325
3.243945
3.691922
11.91727
8.223636
4.644027
9.698444
6.854586
1.081455
0.5202268
1.904899
5.13866
6.059796
1.625421
2.104481
4.38219
6.736963
6.710132
4.231568
12.43755
6.396514
5.005581
1.441696
8.048261
1.658957
4.63629
0.9903872
11.44408
8.072431
0.7498748
12.20717
7.594241
2.544521
8.021391
13.28627
3.128542
6.839986
7.149842
0.7281795
12.51606
16.28532
0.1466211
3.410671
9.706141
1.397661
10.05055
0.4400308
5.732684
1.844698
5.265213
0.9367433
4.143753
4.096934
43.61848
9.423646
9.19168
3.930416
43.82758
8.930006
5.415695
0.1571106
5.592699
10.77426
11.80125
17.63257
1.023406
20.0509
5.647436
1.942769
14.7655
0.4251913
24.0953
14.61155
5.339036
8.520345
1.540503
0.3304314
36.41142
11.02647
21.89627
5.480378
2.714555
1.360677
9.829999
12.34282
4.646885
8.561222
20.12248
4.071639
20.53694
7.097809
15.30846
0.8826787
14.74884
25.63157
10.35871
10.41286
4.183435
19.82685
4.108379
8.040992
4.121809
10.07062
0.7909443
9.210424
0.2314521
2.322425
10.32207
1.15361
14.11802
7.120313
1.114805
8.910689
7.63476
8.085168
17.58977
4.919693
14.96182
5.493602
21.3522
0.7926029
4.613707
3.765342
5.049353
4.769968
0.1965064
23.33212
5.631103
1.120151
13.54946
1.593418
28.74747
4.719447
0.7071812
19.33235
13.74473
6.165072
1.607016
16.19848
3.641644
9.22466
16.32065
11.3305
6.049864
4.109165
7.318067
2.092724
24.05283
6.240059
8.194468
16.8981
16.94932
1.983411
2.174262
4.359741
3.364793
3.96595
8.992873
20.23822
11.56542
8.050797
6.104855
5.911891
1.84143
0.1841065
1.003157
19.91041
6.082594
12.72952
2.715748
2.873655
3.584614
0.01580848
5.056682
3.893165
1.368889
1.582316
8.008573
18.00395
25.21381
1.297901
0.1687575
2.253622
7.940677
3.288872
4.712995
0.1356288
0.01963616
5.473796
1.038539
4.145177
0.5360925
6.004387
7.139725
11.93735
4.071726
9.594806
2.596346
1.202135
0.2552838
3.736425
18.32259
12.25897
8.339257
2.46391
2.579888
3.771113
6.014373
0.4437921
2.867299
1.685414
9.814867
5.659884
8.84848
2.730703
3.527045
1.929063
3.048111
1.126064
4.651238
5.434639
4.905107
0.2846285
0.02647321
6.579543
0.02180183
1.717129
1.711825
7.516189
0.9178015
3.325465
2.337047
2.340156
2.769292
1.362498
4.657823
2.905692
2.819267
1.157683
2.592977
3.527078
5.190848
5.064559
1.460854
3.110392
4.857429
5.10323
4.224341
0.3235551
10.61856
2.799879
1.137568
1.282235
1.405558
3.823721
11.25889
3.088591
5.221366
1.764126
1.46043
1.5243
5.439653
0.594005
5.338841
0.8623299
6.180902
2.366387
0.34013
4.579965
3.697604
3.791425
7.205133
0.3943077
5.354043
18.60886
5.858613
7.274112
2.224855
2
1 0
1 0
1 0
1 0
1 0
1 0
1 0
1 0
1 0
1 0
1 0
1 0
1 0
1 0
1 0
1 0
1 0
1 0
1 0
1 0
1 0
1 0
1 0
1 0
1 0
1 0
1 0
1 0
1 0
1 0
1 0
1 0
1 0
1 0
1 0
1 0
1 0
1 0
1 0
1 0
1 0
1 0
1 0
1 0
1 0
1 0
1 0
1 0
1 0
1 0
1 0
1 0
1 0
1 0
1 0
1 0
1 0
1 0
1 0
1 0
1 0
1 0
1 0
1 0
1 0
1 0
1 0
1 0
1 0
1 0
1 0
1 0
1 0
1 0
1 0
1 0
1 0
1 0
1 0
1 0
1 0
1 0
1 0
1 0
1 0
1 0
1 0
1 0
1 0
1 0
1 0
1 0
1 0
1 0
1 0
1 0
1 0
1 0
1 0
1 0
1 0
1 0
1 0
1 0
1 0
1 0
1 0
1 0
1 0
1 0
1 0
1 0
1 0
1 0
1 0
1 0
1 0
1 0
1 0
1 0
1 0
1 0
1 0
1 0
1 0
1 0
1 0
1 0
1 0
1 0
1 0
1 0
1 0
1 0
1 0
1 0
1 0
1 0
1 0
1 0
1 0
1 0
1 0
1 0
1 0
1 0
1 0
1 0
1 0
1 0
1 0
1 0
1 0
1 0
1 0
1 0
1 0
1 0
1 0
1 0
1 0
1 0
1 0
1 0
1 0
1 0
1 0
1 0
1 0
1 0
1 0
1 0
1 0
1 0
1 0
1 0
1 0
1 0
1 0
1 0
1 0
1 0
1 0
1 0
1 0
1 0
1 0
1 0
1 0
1 0
1 0
1 0
1 0
1 0
1 0
1 0
1 0
1 0
1 0
1 0
1 0
1 0
1 0
1 0
1 0
1 0
1 0
1 0
1 0
1 0
1 0
1 0
1 0
1 0
1 0
1 0
1 0
1 0
1 0
1 0
1 0
1 0
1 0
1 0
1 0
1 0
1 0
1 0
1 0
1 0
1 0
1 0
1 0
1 0
1 0
1 0
1 0
1 0
1 0
1 0
1 0
1 0
1 0
1 0
1 0
1 0
1 0
1 0
1 0
1 0
1 0
1 0
1 0
1 0
1 0
1 0
1 0
1 0
1 0
1 0
1 0
1 0
1 0
1 0
1 0
1 0
1 0
1 0
1 0
1 0
1 0
1 0
1 0
1 0
1 0
1 0
1 0
1 0
1 0
1 0
1 0
1 0
1 0
1 0
1 0
1 0
1 0
1 0
1 0
1 0
1 0
1 0
1 0
1 0
1 0
1 0
1 0
1 0
1 0
1 0
1 0
1 0
1 0
1 0
1 0
1 0
1 0
1 0
1 0
1 0
1 0
1 0
1 0
1 0
1 0
1 0
1 0
1 0
1 0
1 0
1 0
1 0
1 0
1 0
1 0
1 0
1 0
1 0
1 0
1 0
1 0
1 0
1 0
1 0
1 0
1 0
1 0
1 0
1 0
1 0
1 0
1 0
1 0
1 0
1 0
1 0
1 0
1 0
1 0
1 0
1 0
1 0
1 0
1 0
1 0
1 0
1 0
1 0
1 0
1 0
1 0
1 0
1 0
1 0
1 0
1 0
1 0
1 0
1 0
1 0
1 0
1 0
1 0
1 0
1 0
1 0
1 0
1 0
1 0
1 0
1 0
1 0
1 0
1 0
1 0
1 0
1 0
1 0
1 0
1 0
1 0
1 0
1 0
1 0
1 0
1 0
1 0
1 0
1 0
1 0
1 0
1 0
1 0
1 0
1 0
1 0
1 0
1 0
1 0
1 0
1 0
1 0
1 0
1 0
1 0
1 0
1 0
1 0
1 0
1 0
1 0
1 0
1 0
1 0
1 0
1 0
1 0
1 0
1 0
1 0
1 0
1 0
1 0
1 0
1 0
1 0
1 0
1 0
1 1
1 1
1 1
1 1
1 1
1 1
1 1
1 1
1 1
1 1
1 1
1 1
1 1
1 1
1 1
1 1
1 1
1 1
1 1
1 1
1 1
1 1
1 1
1 1
1 1
1 1
1 1
1 1
1 1
1 1
1 1
1 1
1 1
1 1
1 1
1 1
1 1
1 1
1 1
1 1
1 1
1 1
1 1
1 1
1 1
1 1
1 1
1 1
1 1
1 1
1 1
1 1
1 1
1 1
1 1
1 1
1 1
1 1
1 1
1 1
1 1
1 1
1 1
1 1
1 1
1 1
1 1
1 1
1 1
1 1
1 1
1 1
1 1
1 1
1 1
1 1
1 1
1 1
1 1
1 1
1 1
1 1
1 1
1 1
1 1
1 1
1 1
1 1
1 1
1 1
1 1
1 1
1 1
1 1
1 1
1 1
1 1
1 1
