500
164.4491
6.230162
17.44082
0.08544201
15.19853
14.06744
12.79975
1.431449
23.54566
6.518326
54.55774
2.73846
0.8616751
9.854303
8.879387
14.16796
1.289604
1.123528
4.612503
4.769367
18.6728
2.429596
14.4166
18.74491
3.828175
22.63611
7.958125
12.84374
0.06363966
6.774719
10.93684
5.110597
3.49095
5.401784
12.53304
2.210056
6.524666
20.69653
8.312383
16.44325
4.372338
3.00779
5.758563
16.04584
21.49377
2.745258
11.79909
13.16983
3.165167
0.9345289
0.5038432
3.125534
0.1629633
6.750904
9.427002
32.32109
19.92667
2.116677
2.566682
6.426706
6.75792
40.34453
10.37398
7.321541
0.5616521
13.29816
1.25542
17.78448
58.04672
5.793111
1.78345
14.67328
2.744499
6.958202
9.768792
0.5328515
7.138516
43.70108
5.732777
3.239583
6.012736
15.97697
6.294444
0.9570863
11.92783
2.624504
1.792638
4.094475
4.011982
10.80457
7.936093
0.3389942
16.93838
3.569041
15.01612
8.855158
27.06741
5.522345
30.91575
0.6342987
5.896582
15.13608
10.73444
5.761293
0.1580662
4.34303
8.965874
12.02019
3.557142
3.594084
10.03992
1.675903
23.29912
3.405008
0.6621409
3.393908
21.70556
2.575426
7.283591
5.739248
8.628499
16.25198
25.97254
3.551407
8.967815
6.60734
1.850405
1.57568
2.84329
1.849017
1.906602
6.196904
6.518514
7.228374
12.10087
3.731231
3.433002
11.44065
10.35104
40.18957
6.268198
0.8304213
3.265327
8.035615
15.51349
13.63454
4.371931
10.20839
5.084368
5.465778
4.830732
9.887966
4.29781
82.22453
0.7336247
18.56664
0.799631
2.483932
20.45944
9.573969
4.807138
6.83781
0.6303086
5.133829
3.706875
2.092257
6.277951
10.61816
4.412732
5.160406
2.376451
6.071963
20.40144
7.61417
0.7379821
0.483503
6.786637
13.21348
1.406027
12.92564
3.675409
30.0635
3.35323
3.360327
6.824546
6.200021
5.497596
1.192166
3.854096
2.504838
14.83837
12.77556
3.020574
3.071156
7.985371
2.728132
4.177489
6.860563
0.6825777
2.9758
5.148597
1.90662
1.099735
1.383395
1.653432
2.03055
9.352139
7.661126
7.931882
2.080234
18.4417
26.93579
4.650859
6.473841
3.628059
18.39929
12.57177
21.02357
1.414217
15.71349
4.251885
3.174246
15.21672
6.146
6.056594
3.155216
9.88672
1.549045
4.264658
10.18029
8.793323
16.65286
29.34616
2.023261
14.14604
3.349993
1.27793
18.97
6.074338
16.56948
27.27803
37.08102
5.017318
7.730415
0.4808303
2.060031
20.31729
5.993859
3.166387
8.67702
4.933912
6.243437
10.95721
10.61445
6.173925
4.456528
11.38512
4.215811
7.359004
11.9296
4.534069
12.95054
7.288507
18.80619
28.05361
10.51763
5.298163
2.200665
2.185447
1.677475
5.962302
5.965199
0.9882801
40.62216
0.6579127
2.474442
14.99403
4.096773
2.094329
2.090419
8.350692
3.582137
6.720152
0.9432343
5.463017
14.41278
0.1575965
39.42085
21.9831
2.481597
19.19593
8.868019
24.6438
8.749114
1.780351
7.99352
18.98378
19.44426
6.721635
16.41688
2.797117
2.416386
13.01774
20.56539
11.38209
4.548364
6.382439
11.52855
0.5850079
36.42857
4.923047
10.97273
9.088561
8.04274
3.642063
10.64843
3.379006
0.5969721
6.397035
8.155861
17.34615
6.181357
2.173213
6.705661
30.89453
0.6299875
21.74559
26.97982
1.332968
8.005717
27.91404
11.51014
1.667249
5.144616
35.20871
0.5417653
2.656629
3.594904
14.99877
3.117313
0.008935239
8.25545
1.496825
40.21345
1.133031
4.839754
9.487461
54.19156
18.75608
6.716854
6.63031
16.7431
5.384893
0.1133664
2.669823
28.95177
20.15395
6.980355
1.898872
2.057345
16.34119
1.388053
19.05179
4.093397
8.256044
5.013936
41.8888
0.8298364
7.924477
1.888163
1.473075
1.643623
15.09138
3.509239
7.407835
2.665927
22.97241
3.841531
2.652631
3.574936
1.474258
6.070861
2.498394
1.694176
3.239262
17.55998
17.62745
5.064912
3.228576
20.33398
25.15302
0.7538163
9.09549
4.671644
3.019944
13.31794
1.462294
3.760158
0.2343032
0.4284781
10.49935
7.655488
0.3003139
7.386678
15.15017
1.97731
2.508248
4.33534
4.29433
1.437888
10.41646
3.017433
20.92152
7.308998
39.3277
57.4011
2.660572
1.86426
7.272393
8.060342
21.49401
12.59028
0.2748517
21.68261
17.49595
6.296233
9.977886
6.175214
6.17832
1.108219
34.00183
11.8695
30.98288
3.509338
12.14598
3.533284
4.91615
1.204297
7.919591
2.578554
9.676689
0.570391
17.98756
6.335006
15.64775
10.23453
8.848047
5.905465
0.9279874
0.579556
4.98794
3.581065
17.78407
27.7394
1.990675
5.18665
3.44441
0.7122446
3.066323
6.778762
0.6436122
9.256043
1.269196
1.360253
18.05391
1.357013
2.139892
16.44724
25.04057
11.21688
10.42375
16.99778
1.924006
1.357919
3.479497
15.66247
6.485353
17.83262
4.53112
10.39424
4.149183
2.706182
3.106557
4.461382
21.82427
12.36348
27.19296
5.946308
7.550726
3.531958
21.57367
11.22912
2.943645
0.2237777
3.785619
8.350643
6.045934
5.430808
31.16679
3.021202
10.3929
